object Form1: TForm1
  Left = 0
  Top = 0
  Caption = 'Form1'
  ClientHeight = 480
  ClientWidth = 640
  FormFactor.Width = 320
  FormFactor.Height = 480
  FormFactor.Devices = [Desktop]
  OnActivate = FormActivate
  DesignerMasterStyle = 3
  object Label1: TLabel
    Align = Top
    Margins.Left = 10.000000000000000000
    Margins.Top = 10.000000000000000000
    Margins.Right = 10.000000000000000000
    Margins.Bottom = 10.000000000000000000
    Position.X = 10.000000000000000000
    Position.Y = 10.000000000000000000
    Size.Width = 620.000000000000000000
    Size.Height = 23.000000000000000000
    Size.PlatformDefault = False
    Text = 'Status :'
  end
  object Memo1: TMemo
    Touch.InteractiveGestures = [Pan, LongTap, DoubleTap]
    DataDetectorTypes = []
    Align = Top
    Margins.Left = 10.000000000000000000
    Margins.Top = 10.000000000000000000
    Margins.Right = 10.000000000000000000
    Margins.Bottom = 10.000000000000000000
    Position.X = 10.000000000000000000
    Position.Y = 53.000000000000000000
    Size.Width = 620.000000000000000000
    Size.Height = 92.000000000000000000
    Size.PlatformDefault = False
    TabOrder = 2
    Viewport.Width = 612.000000000000000000
    Viewport.Height = 84.000000000000000000
  end
  object Label2: TLabel
    Align = Top
    Margins.Left = 10.000000000000000000
    Margins.Top = 10.000000000000000000
    Margins.Right = 10.000000000000000000
    Margins.Bottom = 10.000000000000000000
    Position.X = 10.000000000000000000
    Position.Y = 165.000000000000000000
    Size.Width = 620.000000000000000000
    Size.Height = 23.000000000000000000
    Size.PlatformDefault = False
    Text = 'Yang Akan Dicetak :'
  end
  object Memo2: TMemo
    Touch.InteractiveGestures = [Pan, LongTap, DoubleTap]
    DataDetectorTypes = []
    Align = Top
    Margins.Left = 10.000000000000000000
    Margins.Top = 10.000000000000000000
    Margins.Right = 10.000000000000000000
    Margins.Bottom = 10.000000000000000000
    Position.X = 10.000000000000000000
    Position.Y = 208.000000000000000000
    Size.Width = 620.000000000000000000
    Size.Height = 92.000000000000000000
    Size.PlatformDefault = False
    TabOrder = 1
    Viewport.Width = 612.000000000000000000
    Viewport.Height = 84.000000000000000000
  end
  object Button1: TButton
    Align = Top
    Margins.Left = 10.000000000000000000
    Margins.Top = 10.000000000000000000
    Margins.Right = 10.000000000000000000
    Margins.Bottom = 10.000000000000000000
    Position.X = 10.000000000000000000
    Position.Y = 320.000000000000000000
    Size.Width = 620.000000000000000000
    Size.Height = 44.000000000000000000
    Size.PlatformDefault = False
    TabOrder = 4
    Text = 'Cetak'
    OnClick = Button1Click
  end
  object Timer1: TTimer
    OnTimer = Timer1Timer
    Left = 344
    Top = 168
  end
end
